Run #1	Run #1	Run #1	Run #1
Time (s)	Position (m)	Velocity (m/s)	Acceleration (m/s²)
0,000	0,26		
0,050	0,22	-0,83	
0,100	0,18	-0,66	3,28
0,150	0,15	-0,50	3,95
0,200	0,13	-0,27	4,36
0,250	0,12	-0,06	2,66
0,300	0,12	0,00	1,18
0,350	0,12	0,05	2,56
0,400	0,13	0,25	4,33
0,450	0,15	0,49	3,95
0,500	0,18	0,65	3,27
0,550	0,21	0,81	2,83
0,600	0,26	0,93	1,79
0,650	0,31	0,99	0,83
0,700	0,36	1,02	0,27
0,750	0,41	1,02	-0,13
0,800	0,46	1,00	-0,81
0,850	0,51	0,94	-1,55
0,900	0,55	0,85	-2,06
0,950	0,59	0,73	-2,34
1,000	0,63	0,61	-2,75
1,050	0,66	0,46	-3,39
1,100	0,67	0,27	-3,58
1,150	0,68	0,10	-3,40
1,200	0,68	-0,07	-3,37
1,250	0,68	-0,24	-3,40
1,300	0,66	-0,41	-3,41
1,350	0,64	-0,58	-3,14
1,400	0,60	-0,72	-2,46
1,450	0,56	-0,82	-2,00
1,500	0,52	-0,92	-1,64
1,550	0,47	-0,99	-0,74
1,600	0,42	-0,99	-0,30
1,650	0,37	-1,02	-0,21
1,700	0,32	-1,02	0,71
1,750	0,27	-0,95	1,76
1,800	0,22	-0,84	2,69
1,850	0,19	-0,68	3,23
1,900	0,16	-0,52	3,57
1,950	0,13	-0,32	4,01
2,000	0,12	-0,12	3,23
2,050	0,12	0,00	1,80
2,100	0,12	0,06	2,32
2,150	0,13	0,24	3,96
2,200	0,15	0,46	3,89
2,250	0,18	0,62	3,27
2,300	0,21	0,79	2,88
2,350	0,25	0,91	1,95
2,400	0,30	0,98	0,97
2,450	0,35	1,01	0,32
2,500	0,40	1,01	-0,12
2,550	0,45	1,00	-0,73
2,600	0,50	0,94	-1,46
2,650	0,55	0,85	-1,85
2,700	0,59	0,76	-2,25
2,750	0,62	0,63	-2,93
2,800	0,65	0,46	-3,33
2,850	0,67	0,29	-3,52
2,900	0,68	0,11	-3,40
2,950	0,68	-0,05	-3,14
3,000	0,68	-0,20	-3,38
3,050	0,66	-0,38	-3,46
3,100	0,64	-0,55	-3,18
3,150	0,61	-0,70	-2,65
3,200	0,57	-0,81	-2,00
3,250	0,52	-0,90	-1,61
3,300	0,48	-0,98	-0,85
3,350	0,43	-0,99	-0,37
3,400	0,38	-1,01	-0,28
3,450	0,33	-1,01	0,62
3,500	0,28	-0,95	1,63
3,550	0,23	-0,85	2,57
3,600	0,19	-0,69	3,13
3,650	0,16	-0,54	3,23
3,700	0,14	-0,37	3,95
3,750	0,12	-0,14	3,56
3,800	0,12	-0,01	1,91
3,850	0,12	0,05	2,55
3,900	0,13	0,24	3,92
3,950	0,15	0,44	3,62
4,000	0,17	0,60	3,12
4,050	0,21	0,75	2,92
4,100	0,25	0,89	2,27
4,150	0,30	0,98	1,07
4,200	0,35	1,00	0,32
4,250	0,40	1,01	-0,07
4,300	0,45	0,99	-0,66
4,350	0,50	0,94	-1,33
4,400	0,54	0,86	-1,87
4,450	0,58	0,76	-2,19
4,500	0,62	0,64	-2,69
4,550	0,65	0,49	-3,14
4,600	0,67	0,33	-3,46
4,650	0,68	0,14	-3,67
4,700	0,68	-0,04	-3,32
4,750	0,68	-0,19	-3,24
4,800	0,66	-0,36	-3,34
4,850	0,64	-0,52	-3,18
4,900	0,61	-0,68	-2,77
4,950	0,57	-0,80	-2,06
5,000	0,53	-0,89	-1,61
5,050	0,48	-0,96	-0,92
5,100	0,43	-0,98	-0,45
5,150	0,39	-1,01	-0,36
5,200	0,33	-1,01	0,52
5,250	0,28	-0,96	1,57
5,300	0,24	-0,86	2,47
5,350	0,20	-0,71	3,03
5,400	0,17	-0,55	3,19
5,450	0,14	-0,39	3,59
5,500	0,13	-0,20	3,56
5,550	0,12	-0,03	2,58
5,600	0,12	0,06	2,55
5,650	0,13	0,22	3,55
5,700	0,15	0,42	3,59
5,750	0,17	0,58	3,12
5,800	0,20	0,73	2,93
5,850	0,24	0,87	2,36
5,900	0,29	0,97	1,24
5,950	0,34	1,00	0,40
6,000	0,39	1,01	-0,09
6,050	0,44	0,99	-0,58
6,100	0,49	0,95	-1,23
6,150	0,54	0,87	-1,85
6,200	0,58	0,76	-2,12
6,250	0,61	0,65	-2,52
6,300	0,64	0,51	-3,21
6,350	0,66	0,33	-3,43
6,400	0,68	0,17	-3,37
6,450	0,68	0,00	-3,41
6,500	0,68	-0,17	-3,36
6,550	0,66	-0,34	-3,35
6,600	0,64	-0,51	-3,20
6,650	0,61	-0,66	-2,63
6,700	0,58	-0,77	-2,11
6,750	0,53	-0,87	-1,77
6,800	0,49	-0,95	-1,00
6,850	0,44	-0,97	-0,47
6,900	0,39	-1,00	-0,38
6,950	0,34	-1,01	0,38
7,000	0,29	-0,96	1,37
7,050	0,24	-0,87	2,33
7,100	0,20	-0,73	3,03
7,150	0,17	-0,57	3,18
7,200	0,15	-0,41	3,52
7,250	0,13	-0,22	3,54
7,300	0,12	-0,05	2,63
7,350	0,12	0,05	2,59
7,400	0,13	0,20	3,48
7,450	0,15	0,40	3,55
7,500	0,17	0,56	3,15
7,550	0,20	0,71	2,97
7,600	0,24	0,86	2,41
7,650	0,29	0,95	1,47
7,700	0,34	1,00	0,48
7,750	0,39	1,00	-0,36
7,800	0,43	0,97	-0,50
7,850	0,48	0,95	-0,95
7,900	0,53	0,87	-1,78
7,950	0,57	0,77	-2,05
8,000	0,61	0,67	-2,45
8,050	0,64	0,53	-3,20
8,100	0,66	0,35	-3,43
8,150	0,67	0,18	-3,31
8,200	0,68	0,02	-3,34
8,250	0,67	-0,15	-3,38
8,300	0,66	-0,32	-3,25
8,350	0,64	-0,48	-3,17
8,400	0,61	-0,64	-2,91
8,450	0,58	-0,77	-2,18
8,500	0,54	-0,86	-1,68
8,550	0,49	-0,94	-1,06
8,600	0,44	-0,96	-0,42
8,650	0,40	-0,98	-0,43
8,700	0,35	-1,00	0,17
8,750	0,30	-0,96	1,31
8,800	0,25	-0,87	2,09
8,850	0,21	-0,75	2,88
8,900	0,18	-0,59	3,28
8,950	0,15	-0,42	3,24
9,000	0,13	-0,26	3,22
9,050	0,12	-0,10	3,17
9,100	0,12	0,06	3,14
9,150	0,13	0,21	3,21
9,200	0,14	0,38	3,24
9,250	0,17	0,54	3,12
9,300	0,20	0,69	3,00
9,350	0,24	0,84	2,49
9,400	0,28	0,94	1,61
9,450	0,33	1,00	0,55
9,500	0,38	0,99	-0,34
9,550	0,43	0,96	-0,41
9,600	0,48	0,95	-0,88
9,650	0,52	0,88	-1,72
9,700	0,57	0,78	-1,98
9,750	0,60	0,68	-2,40
9,800	0,63	0,54	-3,13
9,850	0,66	0,37	-3,36
9,900	0,67	0,20	-3,31
9,950	0,68	0,03	-3,37
10,000	0,67	-0,13	-3,33
10,050	0,66	-0,30	-3,21
10,100	0,64	-0,46	-3,22
10,150	0,62	-0,62	-2,95
10,200	0,58	-0,75	-2,18
10,250	0,54	-0,84	-1,73
10,300	0,50	-0,92	-1,32
10,350	0,45	-0,97	-0,48
10,400	0,40	-0,97	-0,14
10,450	0,35	-0,99	0,07
10,500	0,30	-0,96	1,04
10,550	0,26	-0,88	2,02
10,600	0,21	-0,76	2,82
10,650	0,18	-0,60	3,22
10,700	0,15	-0,44	3,21
10,750	0,14	-0,28	3,24
10,800	0,13	-0,12	3,17
10,850	0,12	0,04	3,09
10,900	0,13	0,19	3,18
10,950	0,14	0,36	3,24
11,000	0,17	0,52	3,13
11,050	0,20	0,67	3,05
11,100	0,23	0,82	2,54
11,150	0,28	0,92	1,48
11,200	0,32	0,97	0,63
11,250	0,37	0,99	0,06
11,300	0,42	0,98	-0,36
11,350	0,47	0,95	-0,93
11,400	0,52	0,88	-1,65
11,450	0,56	0,79	-1,97
11,500	0,60	0,69	-2,35
11,550	0,63	0,55	-3,06
11,600	0,65	0,38	-3,29
11,650	0,67	0,22	-3,28
11,700	0,67	0,05	-3,37
11,750	0,67	-0,12	-3,31
11,800	0,66	-0,28	-3,22
11,850	0,64	-0,44	-3,26
11,900	0,62	-0,60	-2,95
11,950	0,58	-0,73	-2,21
12,000	0,55	-0,83	-1,76
12,050	0,50	-0,91	-1,41
12,100	0,45	-0,97	-0,55
12,150	0,41	-0,96	-0,09
12,200	0,36	-0,97	0,00
12,250	0,31	-0,96	0,87
12,300	0,26	-0,89	1,91
12,350	0,22	-0,77	2,76
12,400	0,18	-0,61	3,16
12,450	0,16	-0,46	3,16
12,500	0,14	-0,30	3,21
12,550	0,13	-0,14	3,17
12,600	0,13	0,02	3,13
12,650	0,13	0,18	3,18
12,700	0,14	0,34	3,21
12,750	0,16	0,50	3,10
12,800	0,19	0,65	3,05
12,850	0,23	0,80	2,61
12,900	0,27	0,91	1,62
12,950	0,32	0,97	0,68
13,000	0,37	0,98	0,02
13,050	0,42	0,97	-0,27
13,100	0,47	0,95	-0,83
13,150	0,51	0,88	-1,58
13,200	0,56	0,79	-1,88
13,250	0,59	0,70	-2,28
13,300	0,63	0,56	-3,00
13,350	0,65	0,40	-3,31
13,400	0,66	0,23	-3,26
13,450	0,67	0,07	-3,28
13,500	0,67	-0,10	-3,31
13,550	0,66	-0,26	-3,22
13,600	0,65	-0,42	-3,24
13,650	0,62	-0,58	-3,00
13,700	0,59	-0,72	-2,25
13,750	0,55	-0,81	-1,79
13,800	0,51	-0,90	-1,46
13,850	0,46	-0,96	-0,58
13,900	0,41	-0,96	-0,16
13,950	0,36	-0,97	-0,10
14,000	0,31	-0,97	0,80
14,050	0,27	-0,89	1,84
14,100	0,22	-0,78	2,66
14,150	0,19	-0,63	3,11
14,200	0,16	-0,47	3,14
14,250	0,14	-0,31	3,19
14,300	0,13	-0,15	3,17
14,350	0,13	0,01	3,11
14,400	0,13	0,16	3,14
14,450	0,14	0,32	3,19
14,500	0,16	0,48	3,10
14,550	0,19	0,63	3,07
14,600	0,23	0,79	2,66
14,650	0,27	0,90	1,62
14,700	0,32	0,95	0,73
14,750	0,36	0,97	0,20
14,800	0,41	0,97	-0,19
14,850	0,46	0,95	-0,80
14,900	0,51	0,89	-1,53
14,950	0,55	0,80	-1,81
15,000	0,59	0,71	-2,21
15,050	0,62	0,58	-2,97
15,100	0,65	0,41	-3,24
15,150	0,66	0,25	-3,22
15,200	0,67	0,09	-3,34
15,250	0,67	-0,08	-3,31
15,300	0,66	-0,24	-3,17
15,350	0,65	-0,40	-3,24
15,400	0,62	-0,57	-3,03
15,450	0,59	-0,70	-2,26
15,500	0,55	-0,79	-1,81
15,550	0,51	-0,88	-1,53
15,600	0,46	-0,95	-0,65
15,650	0,42	-0,95	-0,19
15,700	0,37	-0,97	-0,15
15,750	0,32	-0,96	0,71
15,800	0,27	-0,89	1,74
15,850	0,23	-0,79	2,57
15,900	0,19	-0,64	3,06
15,950	0,17	-0,48	3,13
16,000	0,15	-0,32	3,17
16,050	0,13	-0,17	3,13
16,100	0,13	-0,01	3,11
16,150	0,13	0,14	3,14
16,200	0,14	0,30	3,14
16,250	0,16	0,46	3,12
16,300	0,19	0,61	3,12
16,350	0,22	0,77	2,66
16,400	0,27	0,88	1,65
16,450	0,31	0,94	0,80
16,500	0,36	0,96	0,28
16,550	0,41	0,96	-0,12
16,600	0,46	0,95	-0,73
16,650	0,50	0,89	-1,44
16,700	0,55	0,80	-1,80
16,750	0,58	0,71	-2,20
16,800	0,62	0,58	-2,88
16,850	0,64	0,42	-3,19
16,900	0,66	0,27	-3,23
16,950	0,67	0,10	-3,29
17,000	0,67	-0,06	-3,24
17,050	0,66	-0,22	-3,19
17,100	0,65	-0,38	-3,24
17,150	0,62	-0,55	-3,03
17,200	0,59	-0,68	-2,37
17,250	0,56	-0,78	-1,88
17,300	0,51	-0,87	-1,53
17,350	0,47	-0,94	-0,67
17,400	0,42	-0,94	-0,26
17,450	0,37	-0,96	-0,22
17,500	0,32	-0,96	0,64
17,550	0,28	-0,90	1,65
17,600	0,23	-0,80	2,52
17,650	0,20	-0,65	2,99
17,700	0,17	-0,50	3,06
17,750	0,15	-0,34	3,16
17,800	0,14	-0,18	3,15
17,850	0,13	-0,03	3,11
17,900	0,13	0,13	3,13
17,950	0,14	0,29	3,14
18,000	0,16	0,44	3,08
18,050	0,19	0,60	3,09
18,100	0,22	0,75	2,70
18,150	0,26	0,87	1,74
18,200	0,31	0,93	0,90
18,250	0,36	0,96	0,35
18,300	0,40	0,96	-0,10
18,350	0,45	0,94	-0,70
18,400	0,50	0,89	-1,35
18,450	0,54	0,81	-1,83
18,500	0,58	0,71	-2,16
18,550	0,61	0,59	-2,60
18,600	0,64	0,45	-3,15
18,650	0,66	0,28	-3,30
18,700	0,67	0,12	-3,25
18,750	0,67	-0,05	-3,27
18,800	0,66	-0,21	-3,22
18,850	0,65	-0,37	-3,24
18,900	0,62	-0,53	-2,99
18,950	0,59	-0,67	-2,33
19,000	0,56	-0,77	-1,91
19,050	0,52	-0,86	-1,60
19,100	0,47	-0,93	-0,74
19,150	0,42	-0,93	-0,31
19,200	0,38	-0,96	-0,29
19,250	0,33	-0,96	0,59
19,300	0,28	-0,90	1,58
19,350	0,24	-0,80	2,40
19,400	0,20	-0,66	2,96
19,450	0,17	-0,51	3,04
19,500	0,15	-0,35	3,10
19,550	0,14	-0,20	3,14
19,600	0,13	-0,04	3,13
19,650	0,13	0,12	3,13
19,700	0,14	0,27	3,11
19,750	0,16	0,43	3,07
19,800	0,19	0,58	3,07
19,850	0,22	0,73	2,75
19,900	0,26	0,85	1,84
19,950	0,30	0,92	0,95
20,000	0,35	0,95	0,39
20,050	0,40	0,96	-0,07
20,100	0,45	0,94	-0,63
20,150	0,49	0,89	-1,30
20,200	0,54	0,81	-1,80
20,250	0,57	0,71	-2,05
20,300	0,61	0,61	-2,51
20,350	0,63	0,46	-3,15
20,400	0,65	0,29	-3,30
20,450	0,66	0,13	-3,21
20,500	0,67	-0,03	-3,25
20,550	0,66	-0,19	-3,22
20,600	0,65	-0,35	-3,22
20,650	0,63	-0,52	-2,99
20,700	0,60	-0,65	-2,37
20,750	0,56	-0,75	-1,95
20,800	0,52	-0,85	-1,65
20,850	0,48	-0,92	-0,79
20,900	0,43	-0,93	-0,35
20,950	0,38	-0,95	-0,33
21,000	0,33	-0,96	0,52
21,050	0,29	-0,90	1,48
21,100	0,24	-0,81	2,33
21,150	0,21	-0,67	2,90
21,200	0,18	-0,52	3,00
21,250	0,15	-0,37	3,10
21,300	0,14	-0,21	3,12
21,350	0,13	-0,05	3,10
21,400	0,13	0,10	3,11
21,450	0,14	0,26	3,11
21,500	0,16	0,41	3,05
21,550	0,18	0,56	3,03
21,600	0,22	0,71	2,80
21,650	0,26	0,84	1,96
21,700	0,30	0,91	1,00
21,750	0,35	0,94	0,40
21,800	0,39	0,95	-0,05
21,850	0,44	0,94	-0,56
21,900	0,49	0,89	-1,19
21,950	0,53	0,82	-1,79
22,000	0,57	0,72	-2,04
22,050	0,60	0,61	-2,42
22,100	0,63	0,47	-3,08
22,150	0,65	0,31	-3,28
22,200	0,66	0,15	-3,21
22,250	0,67	-0,02	-3,24
22,300	0,66	-0,18	-3,19
22,350	0,65	-0,33	-3,22
22,400	0,63	-0,50	-3,05
22,450	0,60	-0,64	-2,40
22,500	0,56	-0,74	-1,93
22,550	0,52	-0,83	-1,65
22,600	0,48	-0,90	-0,86
22,650	0,43	-0,92	-0,43
22,700	0,39	-0,95	-0,36
22,750	0,34	-0,95	0,49
22,800	0,29	-0,90	1,39
22,850	0,25	-0,82	2,22
22,900	0,21	-0,68	2,85
22,950	0,18	-0,53	2,99
23,000	0,16	-0,38	3,05
23,050	0,14	-0,23	3,12
23,100	0,14	-0,07	3,11
23,150	0,14	0,09	3,08
23,200	0,14	0,24	3,12
23,250	0,16	0,40	3,07
23,300	0,18	0,55	2,91
23,350	0,21	0,69	2,80
23,400	0,25	0,83	2,17
23,450	0,30	0,91	1,11
23,500	0,34	0,94	0,39
23,550	0,39	0,95	-0,09
23,600	0,44	0,93	-0,51
23,650	0,48	0,89	-1,09
23,700	0,53	0,82	-1,73
23,750	0,57	0,72	-2,00
23,800	0,60	0,62	-2,37
23,850	0,63	0,48	-3,03
23,900	0,65	0,32	-3,24
23,950	0,66	0,16	-3,21
24,000	0,66	0,00	-3,24
24,050	0,66	-0,16	-3,15
24,100	0,65	-0,32	-3,22
24,150	0,63	-0,49	-3,05
24,200	0,60	-0,62	-2,40
24,250	0,57	-0,73	-1,98
24,300	0,53	-0,82	-1,68
24,350	0,48	-0,89	-0,90
24,400	0,44	-0,91	-0,47
24,450	0,39	-0,94	-0,40
24,500	0,34	-0,95	0,47
24,550	0,30	-0,89	1,32
24,600	0,25	-0,82	2,03
24,650	0,21	-0,69	2,78
24,700	0,18	-0,54	3,01
24,750	0,16	-0,39	3,05
24,800	0,14	-0,24	3,10
24,850	0,14	-0,08	3,08
24,900	0,14	0,07	3,08
24,950	0,14	0,23	3,09
25,000	0,16	0,38	3,05
25,050	0,18	0,53	2,95
25,100	0,21	0,68	2,83
25,150	0,25	0,82	2,20
25,200	0,29	0,90	1,30
25,250	0,34	0,95	0,44
25,300	0,39	0,94	-0,36
25,350	0,43	0,91	-0,46
25,400	0,48	0,89	-0,86
25,450	0,52	0,82	-1,68
25,500	0,56	0,73	-1,97
25,550	0,60	0,63	-2,34
25,600	0,62	0,49	-2,99
25,650	0,65	0,33	-3,21
25,700	0,66	0,17	-3,18
25,750	0,66	0,01	-3,22
25,800	0,66	-0,15	-3,15
25,850	0,65	-0,31	-3,20
25,900	0,63	-0,47	-3,04
25,950	0,60	-0,61	-2,44
26,000	0,57	-0,71	-2,00
26,050	0,53	-0,81	-1,70
26,100	0,49	-0,88	-0,95
26,150	0,44	-0,90	-0,50
26,200	0,40	-0,93	-0,43
26,250	0,35	-0,95	0,47
26,300	0,30	-0,89	1,28
26,350	0,26	-0,82	1,81
26,400	0,22	-0,71	2,68
26,450	0,19	-0,55	3,06
26,500	0,16	-0,40	3,07
26,550	0,15	-0,25	3,08
26,600	0,14	-0,09	3,06
26,650	0,14	0,06	3,06
26,700	0,14	0,21	3,07
26,750	0,16	0,37	3,07
26,800	0,18	0,52	2,93
26,850	0,21	0,66	2,80
26,900	0,25	0,80	2,25
26,950	0,29	0,89	1,40
27,000	0,34	0,94	0,50
27,050	0,39	0,94	-0,36
27,100	0,43	0,90	-0,41
27,150	0,48	0,89	-0,81
27,200	0,52	0,82	-1,65
27,250	0,56	0,73	-1,88
27,300	0,59	0,63	-2,29
27,350	0,62	0,50	-2,99
27,400	0,64	0,34	-3,18
27,450	0,66	0,18	-3,11
27,500	0,66	0,03	-3,20
27,550	0,66	-0,14	-3,19
27,600	0,65	-0,29	-3,18
27,650	0,63	-0,45	-3,04
27,700	0,60	-0,60	-2,49
27,750	0,57	-0,70	-2,00
27,800	0,53	-0,80	-1,71
27,850	0,49	-0,87	-1,18
27,900	0,44	-0,92	-0,51
27,950	0,40	-0,93	-0,10
28,000	0,35	-0,93	0,37
28,050	0,30	-0,89	0,99
28,100	0,26	-0,83	1,75
28,150	0,22	-0,71	2,66
28,200	0,19	-0,56	3,02
28,250	0,17	-0,41	3,02
28,300	0,15	-0,26	3,09
28,350	0,14	-0,10	3,06
28,400	0,14	0,05	3,02
28,450	0,15	0,20	3,07
28,500	0,16	0,36	3,07
28,550	0,18	0,51	2,91
28,600	0,21	0,65	2,80
28,650	0,25	0,79	2,29
28,700	0,29	0,88	1,47
28,750	0,33	0,93	0,53
28,800	0,38	0,93	-0,31
28,850	0,43	0,90	-0,36
28,900	0,47	0,89	-0,78
28,950	0,52	0,82	-1,58
29,000	0,55	0,73	-1,85
29,050	0,59	0,64	-2,25
29,100	0,62	0,51	-2,94
29,150	0,64	0,35	-3,16
29,200	0,65	0,19	-3,11
29,250	0,66	0,04	-3,18
29,300	0,66	-0,12	-3,15
29,350	0,65	-0,28	-3,16
29,400	0,63	-0,44	-3,04
29,450	0,60	-0,58	-2,51
29,500	0,57	-0,69	-2,03
29,550	0,53	-0,79	-1,73
29,600	0,49	-0,86	-1,23
29,650	0,45	-0,91	-0,51
29,700	0,40	-0,92	-0,07
29,750	0,36	-0,92	0,21
29,800	0,31	-0,89	0,89
29,850	0,27	-0,83	1,76
29,900	0,23	-0,72	2,61
29,950	0,19	-0,57	2,99
30,000	0,17	-0,42	3,02
30,050	0,15	-0,27	3,03
30,100	0,14	-0,12	3,03
30,150	0,14	0,04	3,06
30,200	0,15	0,19	3,06
30,250	0,16	0,34	3,04
30,300	0,18	0,49	2,91
30,350	0,21	0,63	2,83
30,400	0,24	0,78	2,34
30,450	0,29	0,87	1,49
30,500	0,33	0,92	0,55
30,550	0,38	0,92	-0,27
30,600	0,42	0,90	-0,29
30,650	0,47	0,89	-0,71
30,700	0,51	0,83	-1,56
30,750	0,55	0,74	-1,83
30,800	0,59	0,64	-2,18
30,850	0,62	0,52	-2,85
30,900	0,64	0,36	-3,14
30,950	0,65	0,20	-3,12
31,000	0,66	0,05	-3,17
31,050	0,66	-0,11	-3,12
31,100	0,65	-0,27	-3,18
31,150	0,63	-0,43	-3,06
31,200	0,60	-0,57	-2,47
31,250	0,57	-0,68	-2,05
31,300	0,54	-0,78	-1,78
31,350	0,49	-0,86	-1,28
31,400	0,45	-0,91	-0,51
31,450	0,40	-0,91	-0,07
31,500	0,36	-0,91	0,11
31,550	0,31	-0,90	0,83
31,600	0,27	-0,83	1,72
31,650	0,23	-0,72	2,52
31,700	0,20	-0,58	2,95
31,750	0,17	-0,43	3,00
31,800	0,15	-0,28	3,03
31,850	0,14	-0,13	3,03
31,900	0,14	0,03	3,03
31,950	0,15	0,18	3,04
32,000	0,16	0,33	3,05
32,050	0,18	0,48	2,91
32,100	0,21	0,62	2,81
32,150	0,24	0,76	2,35
32,200	0,28	0,86	1,50
32,250	0,33	0,91	0,60
32,300	0,38	0,92	-0,20
32,350	0,42	0,89	-0,28
32,400	0,46	0,89	-0,68
32,450	0,51	0,83	-1,49
32,500	0,55	0,74	-1,85
32,550	0,58	0,64	-2,15
32,600	0,61	0,52	-2,69
32,650	0,63	0,37	-3,12
32,700	0,65	0,21	-3,14
32,750	0,66	0,06	-3,13
32,800	0,65	-0,10	-3,13
32,850	0,65	-0,26	-3,20
32,900	0,63	-0,42	-3,04
32,950	0,60	-0,56	-2,43
33,000	0,57	-0,66	-2,05
33,050	0,54	-0,76	-1,83
33,100	0,50	-0,85	-1,36
33,150	0,45	-0,90	-0,50
33,200	0,41	-0,90	-0,07
33,250	0,36	-0,91	-0,01
33,300	0,32	-0,90	0,76
33,350	0,27	-0,83	1,69
33,400	0,23	-0,73	2,50
33,450	0,20	-0,58	2,92
33,500	0,17	-0,44	2,92
33,550	0,16	-0,29	3,02
33,600	0,15	-0,14	3,05
33,650	0,14	0,02	3,03
33,700	0,15	0,17	3,02
33,750	0,16	0,32	3,02
33,800	0,18	0,47	2,93
33,850	0,21	0,61	2,83
33,900	0,24	0,75	2,35
33,950	0,28	0,85	1,57
34,000	0,33	0,91	0,63
34,050	0,37	0,91	-0,21
34,100	0,42	0,89	-0,21
34,150	0,46	0,89	
